1, 0, 1
2, 1, 1
3, 2, 1
4, 0, 1
5, 4, 1
5, 1, 1
6, 5, 1
6, 2, 1
7, 6, 1
7, 3, 1
8, 4, 1
9, 8, 1
9, 5, 1
10, 9, 1
10, 6, 1
11, 10, 1
11, 7, 1
12, 8, 1
13, 12, 1
13, 9, 1
14, 13, 1
14, 10, 1
15, 14, 1
15, 11, 1
152, 10, 30
153, 152, 30
154, 153, 30
155, 154, 30
156, 155, 30
157, 156, 30
158, 157, 30
159, 158, 30
160, 159, 30
161, 160, 30
162, 161, 30
163, 162, 30
163, 20, 30
164, 8, 30
165, 164, 30
165, 37, 30
166, 8, 30
167, 166, 30
168, 167, 30
169, 168, 30
170, 169, 30
171, 170, 30
172, 171, 30
173, 172, 30
174, 173, 30
174, 75, 30
175, 8, 30
176, 175, 30
177, 176, 30
178, 177, 30
179, 178, 30
179, 88, 30
180, 4, 30
181, 180, 30
182, 181, 30
183, 182, 30
184, 183, 30
185, 184, 30
186, 185, 30
187, 186, 30
188, 187, 30
189, 188, 30
189, 98, 30
190, 9, 30
191, 190, 30
191, 107, 30
192, 6, 30
193, 192, 30
194, 193, 30
195, 194, 30
196, 195, 30
197, 196, 30
198, 197, 30
199, 198, 30
200, 199, 30
201, 200, 30
202, 201, 30
202, 119, 30
203, 0, 30
204, 203, 30
205, 204, 30
206, 205, 30
207, 206, 30
208, 207, 30
209, 208, 30
210, 209, 30
211, 210, 30
212, 211, 30
213, 212, 30
213, 137, 30
17, 16, 1
18, 17, 1
19, 18, 1
20, 16, 1
21, 20, 1
21, 17, 1
22, 21, 1
22, 18, 1
23, 22, 1
23, 19, 1
24, 20, 1
25, 24, 1
25, 21, 1
26, 25, 1
26, 22, 1
27, 26, 1
27, 23, 1
28, 24, 1
29, 28, 1
29, 25, 1
30, 29, 1
30, 26, 1
31, 30, 1
31, 27, 1
214, 24, 30
215, 214, 30
216, 215, 30
217, 216, 30
218, 217, 30
219, 218, 30
220, 219, 30
221, 220, 30
222, 221, 30
223, 222, 30
224, 223, 30
225, 224, 30
225, 37, 30
226, 26, 30
227, 226, 30
228, 227, 30
229, 228, 30
229, 59, 30
230, 24, 30
231, 230, 30
232, 231, 30
233, 232, 30
234, 233, 30
235, 234, 30
236, 235, 30
236, 88, 30
237, 16, 30
238, 237, 30
239, 238, 30
240, 239, 30
241, 240, 30
242, 241, 30
243, 242, 30
243, 99, 30
244, 22, 30
245, 244, 30
246, 245, 30
247, 246, 30
248, 247, 30
249, 248, 30
250, 249, 30
251, 250, 30
252, 251, 30
253, 252, 30
254, 253, 30
254, 107, 30
255, 22, 30
256, 255, 30
256, 114, 30
257, 26, 30
258, 257, 30
258, 138, 30
33, 32, 1
34, 33, 1
35, 34, 1
36, 35, 1
37, 32, 1
38, 37, 1
38, 33, 1
39, 38, 1
39, 34, 1
40, 39, 1
40, 35, 1
41, 40, 1
41, 36, 1
42, 37, 1
43, 42, 1
43, 38, 1
44, 43, 1
44, 39, 1
45, 44, 1
45, 40, 1
46, 45, 1
46, 41, 1
47, 42, 1
48, 47, 1
48, 43, 1
49, 48, 1
49, 44, 1
50, 49, 1
50, 45, 1
51, 50, 1
51, 46, 1
52, 47, 1
53, 52, 1
53, 48, 1
54, 53, 1
54, 49, 1
55, 54, 1
55, 50, 1
56, 55, 1
56, 51, 1
259, 50, 30
260, 259, 30
261, 260, 30
262, 261, 30
263, 262, 30
264, 263, 30
265, 264, 30
266, 265, 30
267, 266, 30
267, 63, 30
268, 49, 30
269, 268, 30
270, 269, 30
271, 270, 30
272, 271, 30
272, 91, 30
273, 35, 30
274, 273, 30
275, 274, 30
276, 275, 30
277, 276, 30
278, 277, 30
279, 278, 30
280, 279, 30
281, 280, 30
281, 99, 30
282, 44, 30
283, 282, 30
283, 107, 30
284, 34, 30
285, 284, 30
286, 285, 30
287, 286, 30
288, 287, 30
289, 288, 30
290, 289, 30
291, 290, 30
292, 291, 30
293, 292, 30
294, 293, 30
294, 112, 30
295, 33, 30
296, 295, 30
297, 296, 30
298, 297, 30
299, 298, 30
300, 299, 30
301, 300, 30
302, 301, 30
303, 302, 30
304, 303, 30
305, 304, 30
305, 142, 30
58, 57, 1
59, 58, 1
60, 59, 1
61, 60, 1
62, 57, 1
63, 62, 1
63, 58, 1
64, 63, 1
64, 59, 1
65, 64, 1
65, 60, 1
66, 65, 1
66, 61, 1
67, 62, 1
68, 67, 1
68, 63, 1
69, 68, 1
69, 64, 1
70, 69, 1
70, 65, 1
71, 70, 1
71, 66, 1
72, 67, 1
73, 72, 1
73, 68, 1
74, 73, 1
74, 69, 1
75, 74, 1
75, 70, 1
76, 75, 1
76, 71, 1
77, 72, 1
78, 77, 1
78, 73, 1
79, 78, 1
79, 74, 1
80, 79, 1
80, 75, 1
81, 80, 1
81, 76, 1
306, 69, 30
307, 306, 30
308, 307, 30
309, 308, 30
310, 309, 30
310, 84, 30
311, 73, 30
312, 311, 30
313, 312, 30
314, 313, 30
315, 314, 30
316, 315, 30
316, 101, 30
317, 72, 30
318, 317, 30
319, 318, 30
320, 319, 30
321, 320, 30
322, 321, 30
323, 322, 30
324, 323, 30
324, 107, 30
325, 75, 30
326, 325, 30
327, 326, 30
327, 127, 30
328, 65, 30
329, 328, 30
330, 329, 30
330, 146, 30
83, 82, 1
84, 83, 1
85, 84, 1
86, 82, 1
87, 86, 1
87, 83, 1
88, 87, 1
88, 84, 1
89, 88, 1
89, 85, 1
90, 86, 1
91, 90, 1
91, 87, 1
92, 91, 1
92, 88, 1
93, 92, 1
93, 89, 1
94, 90, 1
95, 94, 1
95, 91, 1
96, 95, 1
96, 92, 1
97, 96, 1
97, 93, 1
331, 88, 30
332, 331, 30
333, 332, 30
334, 333, 30
335, 334, 30
335, 98, 30
336, 86, 30
337, 336, 30
338, 337, 30
339, 338, 30
339, 107, 30
340, 91, 30
341, 340, 30
342, 341, 30
343, 342, 30
344, 343, 30
345, 344, 30
346, 345, 30
346, 126, 30
347, 83, 30
348, 347, 30
349, 348, 30
350, 349, 30
351, 350, 30
352, 351, 30
352, 146, 30
99, 98, 1
100, 99, 1
101, 98, 1
102, 101, 1
102, 99, 1
103, 102, 1
103, 100, 1
104, 101, 1
105, 104, 1
105, 102, 1
106, 105, 1
106, 103, 1
353, 98, 30
354, 353, 30
355, 354, 30
356, 355, 30
357, 356, 30
358, 357, 30
359, 358, 30
360, 359, 30
361, 360, 30
361, 107, 30
362, 98, 30
363, 362, 30
364, 363, 30
365, 364, 30
366, 365, 30
367, 366, 30
368, 367, 30
369, 368, 30
369, 122, 30
370, 102, 30
371, 370, 30
372, 371, 30
373, 372, 30
374, 373, 30
375, 374, 30
375, 142, 30
108, 107, 1
109, 107, 1
110, 109, 1
110, 108, 1
376, 107, 30
377, 376, 30
378, 377, 30
379, 378, 30
380, 379, 30
381, 380, 30
382, 381, 30
383, 382, 30
384, 383, 30
385, 384, 30
385, 116, 30
386, 107, 30
387, 386, 30
388, 387, 30
389, 388, 30
390, 389, 30
391, 390, 30
392, 391, 30
393, 392, 30
394, 393, 30
395, 394, 30
395, 141, 30
112, 111, 1
113, 112, 1
114, 113, 1
115, 114, 1
116, 111, 1
117, 116, 1
117, 112, 1
118, 117, 1
118, 113, 1
119, 118, 1
119, 114, 1
120, 119, 1
120, 115, 1
121, 116, 1
122, 121, 1
122, 117, 1
123, 122, 1
123, 118, 1
124, 123, 1
124, 119, 1
125, 124, 1
125, 120, 1
126, 121, 1
127, 126, 1
127, 122, 1
128, 127, 1
128, 123, 1
129, 128, 1
129, 124, 1
130, 129, 1
130, 125, 1
131, 126, 1
132, 131, 1
132, 127, 1
133, 132, 1
133, 128, 1
134, 133, 1
134, 129, 1
135, 134, 1
135, 130, 1
396, 129, 30
397, 396, 30
398, 397, 30
398, 138, 30
137, 136, 1
138, 137, 1
139, 138, 1
140, 136, 1
141, 140, 1
141, 137, 1
142, 141, 1
142, 138, 1
143, 142, 1
143, 139, 1
144, 140, 1
145, 144, 1
145, 141, 1
146, 145, 1
146, 142, 1
147, 146, 1
147, 143, 1
148, 144, 1
149, 148, 1
149, 145, 1
150, 149, 1
150, 146, 1
151, 150, 1
151, 147, 1
